0.5423628484297178 0.5703665932137146 0.14576097911255823 1.013335539731569 0.8658783736678194 1.2547926850088216 0.3936772080893449 1.0352752613442855 0.8471899512196654 0.49888874362958147
0.7023592258664108 0.5710896081157226 0.33556284197163805 0.8838456990855044 0.9237446532671219 1.306850069162437 0.4063549970131077 0.8609262485545524 1.144290417745785 0.7835091573089765
1.2925761155283 0.25386393898163057 0.6656500496922018 1.0704159203641703 0.3735109502212629 0.5192041076872708 0.48094705533545035 0.713699772322884 0.6110330320428079 0.7127456849746449
0.5347983376315701 0.8042909801706897 0.35373513813363605 0.7915915128467053 1.4210383441238634 0.1643533992309094 0.8732556158224748 0.4741539701211812 0.1032565160961932 0.07999494133996422
0.5246367118927883 0.4189014135619419 0.5469090547590041 0.8090229792710093 0.5259254050604735 1.241167349739105 0.32430805691001713 1.3315699045522136 0.56025420250937 0.13814833680604244
0.6791193769792105 0.05800061384976271 1.176831452377864 0.6030360189185395 0.21127631931475627 1.0516552703282285 0.42058325818722797 0.5044949131347689 1.5380732430951676 0.31990891897028156
0.8213539671357343 0.20389241726801433 0.5210845417062703 1.1359118665515555 0.5921204422290567 0.1969632465856994 1.301064957030049 0.9883361685169361 0.8713580346298226 0.4757117036305935
0.8417960209444004 1.7315639759530133 0.2876375704269282 0.6840275726359302 0.9743184865889241 0.7968566051024332 0.38427851751834624 0.6305855292225007 0.727709554551459 1.132024533633622
0.04296162891993879 1.2720305648220434 1.0747762795590083 0.5168085519458707 0.15992985704651894 0.8052087562855212 0.5607202677978186 0.698103654117743 0.41471862932686426 0.7338323890130268
0.8773674679722857 0.5739085422042716 0.06580038282918324 1.7694672116143604 0.7283804915466837 0.5365810109844745 1.051838870787819 0.7452328544792567 0.29504774815044427 0.41090303172137554
